 [[0.0,		 0.0,		 0.0],[
 0.08614, 	-0.94743 ,	 0.26667],[ 
-0.61448 ,	-0.24595 ,	 0.20000 ],[
-0.26860 ,	-0.17163 ,	 0.13333],[ 
 0.13704 ,	-0.29262 ,	 0.13333 ],[
 0.13781 ,	-0.71640 ,	 0.10000 ],[
 0.56752 ,	-0.44191 ,	 0.10000 ],[
 0.30782 ,	 0.22172 ,	 0.10000 ],[
-0.16431 ,	 0.19082 ,	 0.10000 ],[
-0.08962 ,	 0.41154 	 ,0.06667 ],[
-0.67447 ,	 0.44607 	, 0.10000 ]]

//POS4
 [
    [0.0, 0.0, 0.0],
    [0.08614, 0.26667, 0.94743],
    [-0.61448, 0.200000, 0.24595],
    [-0.2686, 0.13333, 0.17163],
    [0.13704, 0.13333, 0.29262],
    [0.13781, 0.1, 0.7164],
    [0.56752, 0.1, 0.44191],
    [0.30782, 0.1, -0.22172],
    [-0.16431, 0.1, -0.19082],
    [-0.08962, 0.06667, -0.41154],
    [-0.67447, 0.1, -0.44607],
  ];
 
[[0.0,		 0.0,		 0.0],[
 0.08614, 	-0.94743 ,	  0.0],[ 
-0.61448 ,	-0.24595 ,	  0.00 ],[
-0.26860 ,	-0.17163 ,	  0.0],[ 
 0.13704 ,	-0.29262 ,	 0.0 ],[
 0.13781 ,	-0.71640 ,	 0.0000 ],[
 0.56752 ,	-0.44191 ,	 0.0000 ],[
 0.30782 ,	 0.22172 ,	 0.0000 ],[
-0.16431 ,	 0.19082 ,	 0.0000 ],[
-0.08962 ,	 0.41154 	 ,0.0 ],[
-0.67447 ,	 0.44607 	, 0.0000 ]]


 
[[0.0,	0.0,	 0.0		 ],[
 0.08614, 0.0,	-0.94743 	 ],[ 
-0.61448 ,0.0,	-0.24595 	   ],[
-0.26860 ,	0.0,-0.17163 	  ],[ 
 0.13704 ,	0.0,-0.29262  ],[
 0.13781 ,0.0,	-0.71640  ],[
 0.56752 ,0.0,	-0.44191  ],[
 0.30782 ,	0.0, 0.22172  ],[
-0.16431 ,	0.0, 0.19082  ],[
-0.08962 ,	0.0, 0.41154 	 ],[
-0.67447 ,0.0,	 0.44607 	 ]]